Acidimicrobiia	Acidobacteriia	Actinobacteria	Alphaproteobacteria	Anaerolineae	Babeliae	Bacilli	Bacteroidia	BD2-11_terrestrial_group	Blastocatellia_(Subgroup_4)	Campylobacteria	Chlamydiae	Chloroflexia	Chthonomonadetes	Clostridia	Coriobacteriia	Deinococci	Deltaproteobacteria	Erysipelotrichia	Fusobacteriia	Gammaproteobacteria	Gemmatimonadetes	Gracilibacteria	Holophagae	KD4-96	Kiritimatiellae	Leptospirae	Melainabacteria	Methanobacteria	Mollicutes	NC10	Negativicutes	Nitrososphaeria	OM190	Oxyphotobacteria	Parcubacteria	Phycisphaerae	Planctomycetacia	Saccharimonadia	Spirochaetia	Subgroup_17	Subgroup_6	Thermoleophilia	Thermoplasmata	TK10	Verrucomicrobiae	NA
B17.1F.S22	0	0	34	51505	0	0	16	56	0	0	0	0	0	0	0	0	0	0	10	0	31	0	0	0	0	0	0	0	0	0	0	0	0	0	0	0	0	0	0	6680	0	0	0	0	0	0	43
B17.1M.S21	0	0	156	42433	0	0	0	0	0	0	0	0	0	0	0	0	0	0	0	0	40	0	0	0	0	0	0	0	0	0	0	0	0	0	0	0	0	0	0	13779	0	0	0	0	0	0	21
B17.2F.S23	0	0	182	62998	0	0	13	39	0	0	0	0	0	0	95	0	0	0	0	0	92	0	0	0	0	0	0	0	0	0	0	0	0	0	0	0	0	0	0	4861	0	0	40	0	0	7	149
BLANK.H11.S95	0	0	0	154	0	0	0	0	0	0	0	0	0	0	0	0	0	0	0	0	0	0	0	0	0	0	0	0	0	0	0	0	0	0	0	0	0	0	0	5	0	0	0	0	0	0	0
BLANK.H12.S96	0	0	0	208	0	0	0	0	0	0	0	0	0	0	0	0	0	0	0	0	0	0	0	0	0	0	0	0	0	0	0	0	0	0	0	0	0	0	0	1	0	0	0	0	0	0	0
CA17.17F.S62	0	0	25	45574	0	0	36	108	0	0	0	0	0	0	75	0	0	0	0	0	204	0	0	0	0	0	0	0	0	0	0	0	0	0	0	0	0	0	0	1749	0	0	0	12	0	0	47
CA17.18F.S63	0	16	2	72245	0	0	49	10	0	0	0	0	0	0	0	0	0	34	0	0	124	0	0	0	0	0	0	0	0	0	0	15	0	0	0	0	0	0	0	115	0	0	0	0	0	0	255
CA17.19F.S64	0	0	41	55064	0	0	0	0	0	0	0	0	0	0	0	0	0	0	0	0	93	0	0	0	0	0	0	0	0	0	0	0	0	0	0	0	0	0	0	2	0	0	0	0	0	0	31
CA17.20F.S65	0	0	45	62035	0	0	0	5	0	0	0	0	0	0	47	0	0	0	0	0	0	0	0	0	0	0	0	0	0	0	0	0	0	0	0	0	0	0	0	1	0	0	0	0	0	0	83
CA17.21F.S66	0	0	15	63334	0	0	0	34	0	0	0	0	0	0	31	0	0	0	0	0	129	0	0	0	0	0	32	0	0	0	0	0	0	0	0	0	0	0	0	2488	0	0	0	0	0	0	52
CA17.22F.S67	0	0	8	24620	0	0	3	1	0	0	0	0	0	0	0	0	0	0	0	0	24	0	0	0	0	0	0	0	0	0	0	0	0	0	0	0	0	0	0	6858	0	0	0	0	0	0	12
CE17.1F.S78	0	0	56	80998	0	0	47	73	0	0	0	0	0	0	27	0	0	0	0	0	61	0	0	0	0	0	0	0	0	0	0	0	0	0	0	0	0	0	0	1	0	0	0	0	0	0	43
CR17.13F.S68	0	0	14	11750	0	0	0	5	0	0	0	0	0	0	0	0	0	0	0	0	18	0	0	0	0	0	0	0	0	0	0	0	0	0	0	0	0	0	0	1379	0	0	0	0	0	0	11
CR17.14F.S69	11	0	215	31809	0	0	30	132	10	56	0	0	9	0	0	0	0	20	0	0	239	0	0	0	13	0	0	0	0	0	13	0	19	40	0	0	29	16	0	1	12	20	41	0	0	28	183
CR17.15F.S70	0	0	91	33807	0	0	13	23	0	0	0	0	0	0	16	0	0	0	0	0	40	0	0	0	0	0	0	0	0	0	0	0	0	0	0	0	0	0	0	2	0	0	0	0	0	0	72
CR17.16F.S71	1	0	721	40534	0	0	86	354	0	0	0	0	0	0	71	0	0	1	0	0	533	0	0	0	0	0	0	0	0	0	0	0	0	0	52	0	5	0	0	1448	0	0	13	0	0	0	128
CR17.17F.S72	0	0	119	63824	0	0	26	86	0	0	0	0	0	0	0	0	0	0	0	0	331	0	0	0	0	0	0	0	0	0	0	0	0	0	0	0	0	17	0	1	0	0	0	0	0	0	66
CR17.18F.S73	0	0	861	54485	0	0	29	74	0	0	0	0	0	0	34	0	0	3	0	0	950	0	0	0	0	0	0	0	0	0	0	0	0	0	0	0	0	0	0	0	0	0	37	0	0	0	39
CR17.19F.S74	0	0	439	41011	0	0	12	412	0	0	0	0	0	0	1	6	0	0	0	0	134	0	0	0	0	0	0	0	0	0	0	0	0	0	0	0	0	25	31	0	0	0	0	0	0	0	25
CR17.20F.S75	17	0	173	80165	0	0	0	470	0	0	0	0	0	38	0	0	37	0	0	0	322	0	0	0	0	0	0	0	0	0	0	0	0	0	0	0	0	0	0	9633	0	0	0	0	0	0	83
CR17.21F.S76	0	0	116	56369	0	0	0	208	0	0	0	17	0	0	45	0	0	0	0	0	272	0	0	0	0	0	0	0	0	0	0	0	0	0	0	5	0	9	0	0	0	0	10	0	0	0	203
CR17.22F.S77	0	0	211	78381	47	0	0	105	0	0	0	0	0	0	52	0	0	0	0	0	211	0	0	0	0	0	0	0	0	0	0	0	0	0	0	0	0	0	0	3	0	0	0	0	0	0	20
IS17.21F.S84	0	0	24	73613	0	0	0	159	0	0	0	0	0	0	45	0	0	34	0	0	226	4	0	0	0	0	0	0	0	0	0	0	0	0	0	0	0	0	0	1	0	0	0	0	0	0	19
IS17.22F.S85	0	0	32	62063	0	0	0	53	0	0	0	0	0	0	74	0	0	0	0	0	17	0	0	0	0	0	0	0	0	0	0	0	0	0	0	0	0	0	0	4	0	0	0	0	0	0	33
IS17.23F.S86	0	0	32	49770	0	0	0	249	0	0	0	0	0	0	0	0	0	0	0	0	95	0	0	0	0	0	0	0	0	0	0	0	0	0	0	0	0	0	0	0	0	0	0	0	0	0	49
IS17.24F.S87	0	0	99	53675	0	0	346	274	0	0	0	0	0	0	185	0	0	12	93	0	75	0	0	62	0	0	0	11	0	0	0	76	0	0	0	0	0	0	0	21790	0	0	0	0	0	206	175
IS17.25F.S88	0	0	30	59246	0	0	54	140	0	0	0	0	0	0	39	0	0	0	0	0	42	0	0	0	0	0	0	0	0	0	0	0	0	0	0	0	0	25	0	0	0	0	0	0	0	0	108
IS17.26F.S89	0	0	69	74680	0	0	0	0	0	0	0	0	0	0	0	0	0	0	0	0	51	0	0	0	0	0	0	0	0	0	0	0	0	0	64	0	0	0	0	4	0	0	0	0	0	0	106
IS17.27F.S90	0	0	108	67471	0	0	0	13	0	0	0	0	0	0	16	0	0	0	0	0	14	0	0	0	0	0	0	0	0	0	0	0	0	0	0	0	0	0	0	3	0	0	0	0	0	0	89
IS17.28F.S91	0	0	108	49652	0	0	0	64	0	0	0	0	0	0	0	0	0	0	0	0	47	0	13	0	0	0	0	0	0	0	0	0	0	0	0	0	0	0	0	1	0	0	0	0	0	14	44
IS17.29F.S92	0	0	21	61939	0	0	0	58	0	0	0	0	0	0	0	0	0	0	0	0	0	0	0	0	0	0	0	0	0	0	0	0	0	0	0	0	0	0	0	5	0	0	0	0	0	0	68
IS17.30F.S93	0	0	255	33797	0	0	0	76	0	0	0	0	0	0	0	4	0	12	0	0	71	0	0	0	0	21	0	0	0	0	0	0	0	0	0	3	0	0	0	11490	0	0	0	0	0	15	30
IS17.37F.S94	8	20	37	38284	0	0	23	61	0	0	0	0	0	0	55	0	0	0	0	0	147	0	0	0	0	0	0	0	0	0	0	0	0	0	0	0	0	0	0	1	0	0	0	41	0	27	146
KF17.1M.S1	0	0	383	44356	0	0	0	186	0	0	0	0	0	0	374	0	0	0	0	0	235	0	0	0	0	0	0	0	0	0	0	0	0	0	0	0	0	0	0	3	0	0	0	0	0	0	238
KF17.2M.S2	0	0	1762	1539	0	0	0	600	0	0	0	144	0	0	350	0	0	0	0	0	902	0	0	0	0	0	0	0	0	0	0	0	0	0	0	0	0	224	0	1	0	0	0	0	0	0	938
KF17.3M.S3	0	0	84	76724	0	0	1502	536	0	0	0	85	0	0	0	0	0	0	0	0	81	0	0	0	0	0	0	0	0	0	0	0	0	0	0	0	0	26	0	7	0	0	0	0	0	0	109
KF17.4M.S4	0	0	404	60816	0	0	0	405	0	0	0	0	0	0	0	0	0	0	0	0	316	0	0	0	0	0	0	0	0	0	0	0	0	0	0	0	0	0	0	2	0	0	0	0	0	0	118
KF17.5M.S5	0	0	12	56847	0	0	0	78	0	0	0	0	0	0	0	0	0	0	0	0	55	0	0	0	0	0	0	0	0	0	0	0	0	0	0	0	0	0	0	8958	0	0	0	0	0	0	46
KF17.6M.S6	0	0	312	80523	0	0	290	69	0	0	0	0	0	0	0	0	0	0	0	0	171	0	0	0	0	115	0	0	0	0	0	0	0	0	0	0	0	0	0	4	0	0	0	0	0	0	228
KF17.7M.S7	0	0	99	71315	0	68	0	150	0	0	0	0	0	0	0	0	0	1	0	0	33	0	0	0	0	0	0	0	0	0	0	0	0	0	0	0	0	0	0	3	0	0	0	0	0	0	51
RDWB17.1F.S80	6	7	575	50122	0	0	0	255	0	0	0	4	0	0	0	0	0	17	0	0	472	0	0	0	35	0	0	0	0	0	0	0	0	0	0	10	0	0	0	11566	0	0	9	0	0	15	86
RDWB17.1M.S79	0	0	1028	8584	0	0	599	746	0	0	0	0	0	0	0	0	0	118	0	0	1126	0	0	0	0	0	0	0	0	0	0	0	0	0	0	0	0	0	0	2	0	0	0	0	0	28	153
RDWB17.2F.S81	0	0	37	43077	0	0	0	63	0	0	0	0	0	0	0	0	0	0	0	0	357	0	0	0	0	0	0	0	0	0	0	0	0	0	0	0	0	30	0	1	0	0	0	0	0	0	61
RDWB17.3F.S82	0	4	1646	46408	0	0	7	100	0	0	0	6	0	0	7	0	0	29	0	0	1772	0	0	0	0	0	0	0	0	0	0	0	0	0	0	0	0	0	0	121	0	0	0	0	0	0	59
RDWB17.4F.S83	0	0	536	49643	0	0	0	765	0	0	0	14	0	0	25	0	16	34	0	0	2200	0	0	0	20	0	0	0	0	0	0	0	0	0	0	0	0	11	0	10	0	0	1	53	0	17	21
SG17.10F.S38	0	0	9	57639	0	0	0	11	0	0	0	0	0	0	0	0	0	0	0	0	137	0	0	0	0	0	0	0	51	0	0	0	0	0	0	0	0	0	0	2	0	0	0	0	0	6	22
SG17.10M.S49	0	0	49	14077	0	0	0	0	0	0	0	0	0	0	0	0	0	0	0	0	53	0	0	0	0	0	0	0	0	0	0	0	0	0	0	0	0	0	0	21025	0	0	0	0	0	0	50
SG17.11F.S39	6	0	774	62073	0	0	136	94	0	0	0	0	0	0	0	0	0	0	0	0	413	0	0	0	0	0	0	0	0	23	0	188	0	0	0	0	0	0	0	20561	0	0	0	0	0	18	62
SG17.11M.S50	0	0	37	38837	0	0	0	38	0	0	0	0	0	0	0	0	0	0	0	0	104	0	0	0	0	0	0	0	0	0	0	0	0	0	0	0	0	15	0	15020	0	0	0	0	0	7	35
SG17.12M.S51	0	0	419	40544	0	0	778	603	0	0	0	0	0	0	0	0	0	0	0	0	550	0	0	0	0	0	0	0	0	0	0	0	0	0	0	0	0	0	0	4651	0	0	0	0	0	0	175
SG17.13M.S52	0	0	86	27520	0	0	76	1	0	0	0	0	0	0	44	0	0	0	0	0	0	0	0	0	0	0	0	0	0	0	0	0	0	0	0	0	0	0	0	12082	0	0	0	0	0	0	7
SG17.14M.S53	0	0	227	22953	0	0	89	48	0	0	0	0	0	0	23	0	0	0	0	0	120	0	37	0	0	0	0	0	0	0	0	0	0	0	0	0	0	0	0	17437	0	0	0	0	0	0	59
SG17.15M.S54	0	0	50	276	0	0	41	80	0	0	0	0	0	0	185	0	0	0	0	0	157	0	0	0	0	0	0	0	0	0	0	0	0	0	0	0	0	0	0	48507	0	0	0	0	0	0	12
SG17.16M.S55	0	0	78	750	0	0	0	97	0	0	0	0	0	0	0	0	0	0	0	0	93	0	0	0	0	0	0	0	0	0	0	0	0	0	0	0	0	0	0	23534	0	0	0	0	0	0	50
SG17.17M.S56	0	29	259	33487	0	0	0	79	0	0	0	0	0	0	64	0	0	0	0	0	42	0	0	0	0	0	0	0	0	0	0	0	0	0	0	0	0	0	0	7127	0	0	14	0	0	0	114
SG17.1F.S29	0	0	192	75280	0	0	31	0	0	0	0	0	0	0	1	0	0	0	0	60	6	0	0	0	0	0	0	0	0	0	0	0	0	0	0	0	0	0	0	368	0	0	0	0	0	86	331
SG17.1M.S40	0	0	1608	2570	0	0	0	1017	0	0	0	0	0	0	0	0	0	0	0	0	1118	0	0	0	0	0	0	0	0	0	0	0	0	0	93	0	0	0	0	5	0	0	0	0	0	0	538
SG17.2F.S30	0	0	12	80969	0	0	24	11	0	0	0	0	0	0	0	0	0	0	0	0	83	0	0	0	0	0	0	0	0	0	0	0	0	0	0	0	0	0	0	13496	0	0	0	0	0	0	46
SG17.2M.S41	0	0	1861	19010	0	156	0	335	0	0	0	0	0	0	0	0	0	0	0	0	3019	0	0	0	0	0	0	0	0	0	0	0	0	0	0	0	0	0	0	15	0	0	0	0	0	0	1799
SG17.3F.S31	0	0	494	58364	0	0	61	66	0	0	0	0	0	0	0	0	0	0	0	0	54	0	0	0	0	0	0	0	0	0	0	0	0	0	0	1	0	0	0	1	0	0	0	0	0	0	53
SG17.3M.S42	0	0	1037	23310	0	0	66	75	0	0	130	0	0	0	0	0	0	0	0	0	265	0	0	0	0	0	0	0	0	0	0	0	0	0	0	3	0	0	0	38248	0	0	0	0	0	0	104
SG17.4F.S32	0	0	134	70745	0	0	0	137	0	0	0	0	0	0	0	0	0	0	0	0	303	0	0	0	0	0	0	0	0	0	0	38	0	0	0	0	0	45	0	5	0	0	0	0	0	0	92
SG17.4M.S43	0	0	491	33401	0	0	51	251	0	0	0	0	71	0	0	0	332	0	0	0	401	0	0	0	0	0	0	0	0	0	0	0	0	0	0	0	0	0	0	3	0	0	0	0	0	0	110
SG17.5F.S33	0	0	76	58410	0	0	36	76	0	0	0	0	0	0	0	0	0	0	0	0	35	0	0	0	0	0	0	0	0	0	0	0	0	0	0	0	0	0	0	4	0	0	0	0	0	0	50
SG17.5M.S44	0	0	66	53376	0	0	0	34	0	0	0	0	0	0	63	0	0	0	0	0	102	0	0	0	0	0	0	0	0	0	0	0	0	0	0	0	0	0	0	11297	0	0	0	0	0	0	81
SG17.6F.S34	0	0	2	50084	0	0	0	62	0	12	0	0	0	0	0	0	0	0	0	0	31	0	0	0	0	0	0	0	0	0	0	0	0	0	0	0	0	25	0	16	0	0	0	0	0	0	75
SG17.6M.S45	0	0	126	50920	0	0	46	0	0	0	0	0	0	0	59	0	0	0	0	0	90	0	0	0	0	0	0	0	0	0	0	0	0	0	0	0	0	0	0	4178	0	0	0	0	0	0	21
SG17.7F.S35	0	0	202	71771	0	0	23	13	0	0	0	0	0	0	80	2	0	0	0	0	81	0	0	0	0	0	0	0	0	0	0	0	0	0	0	0	0	0	0	18351	0	0	0	0	0	0	139
SG17.7M.S46	0	0	1623	10216	0	0	426	384	0	0	0	0	0	0	0	0	0	0	0	0	1548	0	0	0	0	0	0	0	0	0	0	0	0	0	0	0	0	0	0	4	0	0	0	0	0	0	212
SG17.8F.S36	0	0	75	83623	0	0	0	1	0	0	0	0	0	0	31	0	0	0	0	0	36	0	0	0	0	0	36	0	0	0	0	0	0	0	0	2	0	0	0	1	0	0	0	0	0	0	105
SG17.8M.S47	0	0	540	28290	0	0	85	135	0	0	0	0	0	0	0	0	0	0	0	0	114	0	0	0	0	0	0	0	0	0	0	0	0	0	0	0	0	0	0	32423	0	0	0	0	0	0	68
SG17.9F.S37	0	0	92	62539	0	0	33	9	0	0	0	0	0	0	11	0	0	0	0	0	162	0	0	0	0	0	0	0	0	0	0	0	0	0	0	0	0	0	0	13404	0	0	0	0	0	0	87
SG17.9M.S48	0	0	87	55628	0	0	107	165	0	0	0	0	0	0	0	0	0	0	0	0	6	0	0	0	0	0	0	0	0	0	0	0	0	0	0	0	0	0	108	1255	0	0	0	0	0	0	95
TSA17.1F.S28	0	0	46	74224	0	0	123	79	0	0	0	0	0	0	0	0	0	15	0	0	113	0	0	0	0	0	0	0	0	0	0	0	0	0	0	0	0	8	0	1	0	0	0	0	0	28	108
TSA17.1M.S27	0	0	0	79914	0	0	0	37	0	0	0	0	0	0	0	0	0	0	0	0	285	0	0	0	0	0	0	0	0	0	0	0	0	0	0	0	0	0	0	3	0	0	0	0	0	1	35
WW18.10M.S20	0	0	47	33813	0	0	0	11	0	0	0	0	0	0	27	0	0	0	0	0	1545	0	0	0	0	0	0	0	0	0	0	0	0	0	0	0	0	0	0	8135	0	0	0	0	0	0	51
WW18.1F.S8	0	0	48	83258	0	0	0	75	0	0	0	0	0	0	5	0	0	0	0	0	453	0	0	0	0	0	0	0	0	0	0	0	0	0	11	0	0	0	0	3	0	0	0	0	0	0	29
WW18.1M.S11	0	0	5490	1540	0	0	776	454	0	0	0	0	0	0	0	0	0	0	0	0	403	0	0	0	0	0	0	0	0	0	0	0	0	0	0	0	0	19	0	3	0	0	0	0	0	0	144
WW18.2F.S9	0	0	403	56092	0	0	0	1	0	0	0	0	0	0	43	0	0	6	0	0	4362	0	0	0	0	0	0	0	0	0	0	0	0	0	0	7	0	57	0	2611	25	0	0	0	69	19	90
WW18.2M.S12	0	0	66	44846	0	0	43	0	0	0	0	21	0	0	0	0	0	0	0	0	346	0	0	0	0	0	0	0	0	0	0	0	0	0	0	0	0	0	0	28194	0	0	0	0	0	0	133
WW18.3F.S10	0	0	73	68272	0	0	6	130	0	0	0	0	0	0	10	24	0	0	0	0	80	0	0	0	0	0	0	0	0	0	0	0	0	0	0	0	0	0	0	2	0	0	0	0	0	0	136
WW18.3M.S13	0	0	3550	24387	0	0	116	64	0	0	0	0	0	0	0	0	0	0	0	0	776	0	0	0	0	0	0	0	0	0	0	0	0	0	72	0	0	0	0	9616	0	0	0	0	0	0	124
WW18.4M.S14	14	0	649	42417	0	0	89	128	0	0	0	0	0	0	0	7	0	0	0	0	388	0	12	0	0	0	0	0	0	0	0	0	0	0	0	0	0	4	0	1171	0	0	0	0	0	0	40
WW18.5M.S15	0	0	3468	3968	0	0	0	225	0	0	0	0	0	0	0	0	0	0	0	0	470	0	0	0	0	0	0	0	0	0	0	0	0	0	0	0	0	0	0	35224	0	0	101	0	0	0	165
WW18.6M.S16	0	0	3147	4809	0	0	319	2376	0	0	0	0	0	0	298	0	0	0	0	0	3145	0	0	0	0	0	0	0	0	0	0	0	0	0	0	0	0	0	0	10931	0	0	0	0	0	0	726
WW18.7M.S17	0	8	2303	5624	0	0	633	573	0	0	0	0	0	0	228	27	0	26	0	87	450	0	0	0	0	0	0	0	0	0	0	9	0	0	0	0	0	0	0	24230	0	0	0	82	0	0	586
WW18.8M.S18	0	0	2028	64027	0	0	0	176	0	0	0	0	0	0	0	0	0	0	0	0	2871	0	0	0	0	0	0	0	0	0	0	0	0	0	0	0	0	0	0	17	0	0	0	0	0	170	72
WW18.9M.S19	0	0	78	46894	0	0	18	110	0	0	0	0	0	0	0	0	0	0	0	0	18	0	0	0	0	0	0	0	0	0	0	0	0	0	0	0	0	0	0	8	0	0	0	0	0	0	101
YR17.12F.S25	0	0	8	76158	0	0	50	0	0	0	0	0	0	0	0	0	0	0	0	0	3035	0	0	0	0	0	0	0	0	0	0	0	0	0	0	0	0	0	0	4	0	0	0	0	0	0	13
YR17.13F.S26	0	0	144	55682	0	0	80	11	0	0	0	0	0	0	0	0	0	0	0	0	638	0	0	0	0	0	0	0	0	0	0	0	0	0	0	0	0	0	0	1	0	10	0	0	0	0	29
YR17.1M.S24	0	0	2230	3055	0	0	5493	1652	0	0	0	0	0	0	0	0	0	155	0	502	4461	0	0	0	0	0	0	0	0	0	0	1461	15	0	0	0	0	0	0	15	0	0	0	0	0	97	235
YR17.2M.S57	0	0	3	122	0	0	51	86	0	0	0	0	0	0	0	11	0	0	0	147	23	0	0	0	0	0	0	0	0	0	0	0	0	0	0	0	0	0	0	30112	0	0	0	0	0	15	119
YR17.3M.S58	0	0	45	17989	0	0	45	807	0	0	0	0	0	0	0	0	0	0	0	0	33	0	0	0	0	0	0	0	0	0	0	0	0	0	0	8	0	0	0	18355	0	0	0	0	0	0	13
YR17.4M.S59	0	0	254	39555	0	0	0	185	0	0	0	0	0	0	0	0	0	0	0	0	182	0	0	0	0	0	0	0	0	0	0	0	0	0	0	0	0	0	0	14	0	0	28	0	0	0	62
YR17.5M.S60	0	0	25	31130	0	0	84	116	0	0	0	0	0	0	0	0	0	0	0	0	662	0	0	0	0	0	0	0	0	0	0	0	0	0	40	0	0	0	0	2989	0	0	0	0	0	0	103
YR17.6M.S61	0	0	18	17933	0	0	94	31	0	0	0	0	0	0	0	0	0	0	0	0	33	0	0	0	0	0	0	0	0	0	0	0	0	0	0	0	0	0	0	1	0	0	0	0	0	0	37
