0319-6G20	37-13	67-14	Acetobacteraceae	Acidobacteriaceae_(Subgroup_1)	Actinomycetaceae	AKIW781	Akkermansiaceae	Amoebophilaceae	Anaerolineaceae	Anaplasmataceae	Archangiaceae	Atopobiaceae	Bacillaceae	Bacteroidaceae	Bdellovibrionaceae	Beijerinckiaceae	BIrii41	Blastocatellaceae	Blattabacteriaceae	Brevibacteriaceae	Burkholderiaceae	Caedibacteraceae	Carnobacteriaceae	Caulobacteraceae	Cellulomonadaceae	Cellvibrionaceae	Chitinibacteraceae	Chitinophagaceae	Chthoniobacteraceae	Chthonomonadaceae	Clostridiaceae_1	Corynebacteriaceae	Crocinitomicaceae	Cryptosporangiaceae	Cytophagaceae	Deinococcaceae	Dermabacteraceae	Dermacoccaceae	Devosiaceae	Dietziaceae	Diplorickettsiaceae	Dongiaceae	Enterobacteriaceae	env.OPS_17	Erysipelotrichaceae	Family_X	Family_XI	Family_XI_2	Family_XI_2II	Family_XII	Flavobacteriaceae	Frankiaceae	Fusobacteriaceae	Gaiellaceae	Gemmataceae	Gemmatimonadaceae	Geodermatophilaceae	Halomonadaceae	Helicobacteraceae	Hymenobacteraceae	Hyphomonadaceae	Iamiaceae	Ilumatobacteraceae	Isosphaeraceae	JG30-KF-CM45	KF-JG30-B3	Kineosporiaceae	Labraceae	Lachnospiraceae	Lactobacillaceae	Legionellaceae	Leptospiraceae	Leptotrichiaceae	Methanobacteriaceae	Methanomethylophilaceae	Methylophilaceae	Methylopilaceae	Microbacteriaceae	Micrococcaceae	Micromonosporaceae	Microscillaceae	Microtrichaceae	Mitochondria	Moraxellaceae	Muribaculaceae	Mycobacteriaceae	Nakamurellaceae	Neisseriaceae	Nitrosomonadaceae	Nitrososphaeraceae	Nocardiaceae	Nocardioidaceae	NS11-12_marine_group	Oligoflexaceae	p-2534-18B5_gut_group	P3OB-42	Paenibacillaceae	Paracaedibacteraceae	Parachlamydiaceae	Pasteurellaceae	Pedosphaeraceae	Pirellulaceae	Planococcaceae	Polyangiaceae	Porphyromonadaceae	Prevotellaceae	Prolixibacteraceae	Propionibacteriaceae	Pseudomonadaceae	Pseudonocardiaceae	Pyrinomonadaceae	Reyranellaceae	Rhizobiaceae	Rhodanobacteraceae	Rhodobacteraceae	Rhodocyclaceae	Rickettsiaceae	Rikenellaceae	Rubinisphaeraceae	Rubritaleaceae	Ruminococcaceae	Saccharimonadaceae	Saprospiraceae	SC-I-84	Schlesneriaceae	Solibacteraceae_(Subgroup_3)	Solimonadaceae	Solirubrobacteraceae	Sphingobacteriaceae	Sphingomonadaceae	Spirochaetaceae	Spirosomaceae	Spongiibacteraceae	Sporichthyaceae	Staphylococcaceae	Streptococcaceae	Streptomycetaceae	Tepidisphaeraceae	UBA12409	Unknown_Family	Veillonellaceae	Verrucomicrobiaceae	WD2101_soil_group	Weeksellaceae	Xanthobacteraceae	Xanthomonadaceae	NA
B17.1F.S22	0	0	0	0	0	0	0	0	0	0	1734	0	0	0	0	0	0	0	0	0	0	8	0	0	0	0	0	0	0	0	0	0	0	0	0	0	0	0	0	0	0	0	0	0	0	10	0	0	0	0	0	28	0	0	0	0	0	0	0	0	0	0	0	0	0	0	0	0	0	0	0	0	0	0	0	0	0	0	18	0	0	0	0	0	0	27	0	0	0	0	0	0	0	0	0	0	0	0	0	0	0	0	0	0	0	0	0	0	16	19	0	0	0	5	0	0	0	49764	1	0	0	0	0	0	0	0	0	0	0	0	2	6680	0	0	0	0	16	0	0	0	0	0	0	0	0	0	0	47
B17.1M.S21	0	0	0	0	0	7	0	0	0	0	6117	0	0	0	0	0	0	0	0	0	0	16	0	0	0	0	0	0	0	0	0	0	77	0	0	0	0	0	0	0	0	0	0	23	0	0	0	0	0	0	0	0	0	0	0	0	0	0	0	0	0	0	0	0	0	0	0	0	0	0	0	0	0	0	0	0	0	0	0	0	0	0	0	0	0	0	0	0	0	0	0	0	0	0	0	0	0	0	0	0	0	0	0	0	0	0	0	0	72	0	0	0	0	0	0	0	0	36312	0	0	0	0	0	0	0	0	0	0	0	0	4	13779	0	0	0	0	0	0	0	0	0	0	0	0	0	0	1	21
B17.2F.S23	0	0	0	0	0	0	0	0	0	0	0	0	0	0	0	0	3	0	0	0	0	0	0	0	0	0	0	0	0	0	0	0	143	0	0	0	0	0	0	0	0	0	0	0	0	0	0	0	18	11	0	0	0	0	20	0	0	0	21	0	0	0	0	0	0	0	0	0	0	0	0	0	0	0	0	0	0	0	0	0	0	0	0	29	1	39	0	10	0	0	0	0	0	0	0	0	0	0	0	0	0	0	0	0	0	0	0	0	29	0	0	0	0	0	16	0	0	62908	0	0	7	36	0	0	0	0	0	0	20	0	32	4861	0	0	0	0	0	0	0	0	0	0	0	0	0	26	54	192
BLANK.H11.S95	0	0	0	0	0	0	0	0	0	0	0	0	0	0	0	0	0	0	0	0	0	0	0	0	0	0	0	0	0	0	0	0	0	0	0	0	0	0	0	0	0	0	0	0	0	0	0	0	0	0	0	0	0	0	0	0	0	0	0	0	0	0	0	0	0	0	0	0	0	0	0	0	0	0	0	0	0	0	0	0	0	0	0	0	0	0	0	0	0	0	0	0	0	0	0	0	0	0	0	0	0	0	0	0	0	0	0	0	0	0	0	0	0	0	0	0	0	153	0	0	0	0	0	0	0	0	0	0	0	0	1	5	0	0	0	0	0	0	0	0	0	0	0	0	0	0	0	0
BLANK.H12.S96	0	0	0	0	0	0	0	0	0	0	1	0	0	0	0	0	0	0	0	0	0	0	0	0	0	0	0	0	0	0	0	0	0	0	0	0	0	0	0	0	0	0	0	0	0	0	0	0	0	0	0	0	0	0	0	0	0	0	0	0	0	0	0	0	0	0	0	0	0	0	0	0	0	0	0	0	0	0	0	0	0	0	0	0	0	0	0	0	0	0	0	0	0	0	0	0	0	0	0	0	0	0	0	0	0	0	0	0	0	0	0	0	0	0	0	0	0	207	0	0	0	0	0	0	0	0	0	0	0	0	0	1	0	0	0	0	0	0	0	0	0	0	0	0	0	0	0	0
CA17.17F.S62	0	0	0	0	0	0	0	0	0	0	1	0	0	0	0	0	0	0	0	0	0	0	0	0	17	0	0	0	64	0	0	0	0	0	0	0	0	0	0	0	0	0	0	23	0	0	0	0	0	0	0	0	0	0	0	0	0	0	12	0	0	0	0	0	0	0	0	0	0	75	0	0	0	0	0	12	0	0	0	0	0	0	0	0	0	0	0	0	0	0	0	19	0	0	0	0	0	0	0	0	0	0	0	0	0	0	23	0	6	9	0	0	0	0	128	0	0	45535	0	0	0	0	0	0	0	0	0	0	0	0	0	1749	0	0	0	0	0	0	0	0	0	0	0	0	0	21	22	114
CA17.18F.S63	0	0	0	0	0	0	0	0	0	0	2	0	0	0	0	0	0	0	0	0	0	0	0	0	0	0	0	0	0	0	0	0	0	0	0	0	0	0	0	0	0	0	0	0	0	0	0	31	0	0	0	10	0	0	0	0	0	0	0	0	0	0	0	0	0	0	0	0	0	0	0	0	0	0	0	0	0	0	0	0	0	0	0	0	38	0	0	0	0	0	0	0	0	0	0	0	0	0	0	0	0	0	0	0	0	0	0	0	2	18	0	0	0	0	68	0	0	72243	0	0	0	0	0	0	0	0	16	0	0	0	0	115	0	0	0	0	18	0	0	0	0	15	0	0	0	0	0	289
CA17.19F.S64	0	0	0	0	0	0	0	0	0	0	0	0	0	0	0	0	1	0	0	0	0	0	0	0	0	0	0	0	0	0	0	0	0	0	0	0	0	0	0	0	0	0	0	20	0	0	0	0	0	0	0	0	0	0	0	0	0	0	0	0	0	0	0	0	0	0	0	0	0	0	0	0	0	0	0	0	0	0	38	0	0	0	0	0	0	0	0	0	0	0	0	0	0	0	0	0	0	0	0	0	0	0	0	0	0	0	0	0	3	44	0	0	0	0	29	3	0	55060	0	0	0	0	0	0	0	0	0	0	0	0	0	2	0	0	0	0	0	0	0	0	0	0	0	0	0	0	0	31
CA17.20F.S65	0	0	0	0	0	0	0	0	0	0	0	0	0	0	0	0	0	0	0	0	0	0	0	0	0	0	0	0	0	0	0	0	19	0	0	0	0	0	0	0	0	0	0	0	0	0	0	0	0	0	0	5	0	0	0	0	0	0	0	0	0	0	0	0	0	0	0	0	0	0	0	0	0	0	0	0	0	0	17	0	0	0	0	0	0	0	0	0	0	0	0	0	0	0	0	0	0	0	0	0	0	0	0	0	0	0	0	0	9	0	0	0	0	0	0	0	0	62035	0	0	0	47	0	0	0	0	0	0	0	0	0	1	0	0	0	0	0	0	0	0	0	0	0	0	0	0	0	83
CA17.21F.S66	0	0	0	0	0	0	0	0	0	0	2	0	0	0	0	0	7	0	0	0	0	0	0	0	0	0	0	0	0	0	0	30	0	0	0	0	0	0	0	0	0	0	0	21	0	0	0	0	0	0	0	34	0	0	0	0	0	0	0	0	0	0	0	0	0	0	0	0	0	0	0	0	32	0	0	0	0	0	4	0	0	0	0	0	108	0	0	0	0	0	0	5	0	0	0	0	0	0	0	0	0	0	0	0	0	0	0	0	6	0	0	0	0	0	0	0	0	63304	0	0	0	1	0	0	0	0	0	0	0	0	21	2488	0	0	0	0	0	0	0	0	0	0	0	0	0	0	0	52
CA17.22F.S67	0	0	0	0	0	0	0	0	0	0	1779	0	0	0	0	0	0	0	0	0	0	0	0	0	0	0	0	0	0	0	0	0	5	0	0	0	0	0	0	0	0	0	0	3	0	0	0	0	0	0	0	1	0	0	0	0	0	0	0	0	0	0	0	0	0	0	0	0	0	0	0	0	0	0	0	0	0	0	0	0	0	0	0	0	21	0	1	0	0	0	0	0	0	0	0	0	0	0	0	0	0	0	0	0	0	0	0	0	2	0	0	0	0	0	0	0	0	22841	0	0	0	0	0	0	0	0	0	0	0	0	0	6858	0	0	0	0	0	0	0	0	0	0	0	0	0	0	0	15
CE17.1F.S78	0	0	0	0	0	0	0	0	0	0	3	0	0	0	0	0	0	0	0	0	0	1	0	0	0	0	0	0	0	0	0	27	42	0	0	0	0	0	0	0	0	0	0	0	0	0	0	0	0	0	0	73	0	0	0	0	0	0	0	0	0	0	0	0	0	0	0	0	0	0	0	0	0	0	0	0	0	0	0	0	0	0	0	0	26	0	0	0	0	0	0	10	0	0	0	0	0	0	0	0	0	0	0	47	0	0	0	0	4	34	0	0	0	0	0	0	0	80994	0	0	0	0	0	0	0	0	0	0	0	0	1	1	0	0	0	0	0	0	0	0	0	0	0	0	0	0	0	43
CR17.13F.S68	0	0	0	0	0	0	0	0	0	0	3805	0	0	0	0	0	3	0	0	0	0	0	0	0	0	0	0	0	0	0	0	0	0	0	0	0	0	2	0	0	0	0	0	0	0	0	0	0	0	0	0	2	0	0	0	0	0	0	0	0	0	0	0	0	0	0	0	0	0	0	0	0	0	0	0	0	0	0	4	1	0	0	0	0	0	0	2	0	0	0	0	2	0	0	0	0	0	0	0	0	0	0	0	0	0	0	0	0	3	17	0	0	0	2	0	0	0	7936	0	0	0	0	0	0	0	0	0	0	0	0	3	1379	3	0	0	0	0	0	0	0	0	0	0	0	0	1	1	11
CR17.14F.S69	0	0	0	36	0	0	9	0	0	0	512	0	0	0	0	0	147	12	38	0	0	93	0	0	24	14	0	0	49	21	0	0	42	0	0	0	0	0	0	0	0	0	17	0	0	0	0	0	0	0	0	0	0	0	0	0	0	0	0	0	24	7	0	11	16	0	9	13	0	0	0	0	0	0	0	0	0	0	61	20	0	0	0	0	0	0	46	9	0	18	19	0	0	0	0	0	0	0	0	0	0	0	0	0	0	0	0	0	10	34	0	18	0	28	20	0	0	30526	0	0	7	0	0	0	0	0	0	20	41	9	457	1	40	6	0	0	6	0	0	0	20	0	0	17	0	39	13	367
CR17.15F.S70	0	0	0	0	0	0	0	0	0	0	0	0	0	13	23	0	55	0	0	0	0	16	0	0	0	0	0	0	0	0	0	0	0	0	0	0	0	0	0	0	0	0	0	9	0	0	0	0	0	0	0	0	0	0	0	0	0	0	0	0	0	0	0	0	0	0	0	0	0	16	0	0	0	0	0	0	0	0	9	0	0	0	0	16	0	0	64	0	0	0	0	0	0	0	0	0	0	0	0	0	0	0	0	0	0	0	0	0	9	8	9	0	0	12	7	0	0	33701	0	0	0	0	0	0	0	0	0	0	0	0	11	2	0	0	0	0	0	0	0	0	0	0	0	0	0	12	0	72
CR17.16F.S71	0	0	0	53	0	0	0	0	0	0	0	0	0	0	0	0	588	0	0	0	0	504	0	0	0	0	0	0	0	0	0	32	8	0	0	0	0	0	0	0	0	0	0	0	0	0	0	0	0	0	0	5	0	0	0	0	0	4	8	0	238	0	0	1	0	0	0	323	3	39	0	0	0	0	0	0	0	0	308	0	0	0	0	29	0	0	20	0	0	0	0	31	22	7	0	0	1	0	0	0	0	0	0	51	0	0	0	0	5	15	0	0	0	72	0	0	0	38641	0	0	0	0	0	0	0	0	0	0	13	30	1148	1448	70	0	0	0	0	0	5	0	0	0	0	0	0	0	6	219
CR17.17F.S72	0	0	0	100	0	0	0	0	0	0	401	0	0	7	0	0	219	0	0	0	0	114	0	0	0	0	0	0	0	0	0	0	0	9	0	0	0	0	0	0	0	0	0	0	0	0	0	0	0	0	0	77	0	0	0	14	0	0	0	0	0	0	0	0	3	0	0	17	0	0	0	0	0	0	0	0	0	0	61	0	0	0	0	0	0	0	12	1	0	0	0	0	0	0	0	0	0	0	0	0	0	0	0	0	0	0	0	0	21	205	0	0	0	36	12	0	0	62560	0	0	0	0	0	0	0	0	0	0	0	0	419	1	0	0	0	0	19	0	0	0	0	0	0	0	0	34	0	128
CR17.18F.S73	0	0	12	27	0	0	0	0	0	0	0	0	0	15	0	0	259	0	0	0	0	297	0	0	0	0	0	0	0	0	0	34	0	0	0	0	0	0	0	0	0	0	0	0	0	0	0	0	0	0	0	18	0	0	0	0	0	0	0	0	36	0	0	0	0	0	0	11	0	0	0	0	0	0	0	0	0	1	642	21	0	0	0	0	0	0	162	0	0	0	0	0	11	0	3	0	0	0	0	0	0	0	0	0	0	0	0	0	0	433	0	0	0	107	191	0	0	52824	0	0	0	0	0	0	0	0	0	0	25	20	1163	0	0	0	0	0	0	0	0	0	0	0	0	0	0	44	0	156
CR17.19F.S74	0	0	0	43	0	0	0	0	0	0	0	0	6	0	0	0	106	0	0	0	0	64	0	0	0	0	0	0	0	0	0	1	10	35	0	0	0	0	0	0	0	0	0	0	0	0	0	0	0	0	0	0	0	0	0	0	0	0	0	0	6	0	0	0	25	0	0	0	0	0	0	0	0	0	0	0	0	0	408	0	0	0	0	0	0	0	7	0	0	0	0	11	0	0	0	0	0	8	0	0	0	0	0	0	0	0	0	0	2	67	1	0	0	137	0	0	0	40373	0	0	0	0	31	0	0	0	0	0	0	340	343	0	12	0	0	0	4	0	0	0	0	0	0	0	0	9	0	47
CR17.20F.S75	0	0	0	111	0	0	0	0	0	0	35244	0	0	0	0	0	200	0	0	0	0	269	0	0	0	0	0	0	0	0	38	0	1	0	0	0	37	0	0	1	0	0	0	0	0	0	0	0	0	0	0	0	0	0	0	0	0	0	0	0	243	0	17	0	0	0	0	3	12	0	0	0	0	0	0	0	0	0	106	0	0	0	0	18	0	0	7	0	0	0	0	0	3	0	0	0	0	0	0	0	0	0	0	0	0	0	0	0	4	27	49	0	0	77	15	0	0	44240	0	0	0	0	0	0	0	0	0	0	0	14	256	9633	213	0	0	0	0	0	0	0	0	0	0	0	0	6	0	94
CR17.21F.S76	0	0	0	12	0	0	0	0	0	0	1444	0	0	0	0	0	87	0	0	0	0	173	20	0	27	0	0	0	0	0	0	1	0	0	0	0	0	0	0	21	0	0	0	12	0	0	0	0	0	0	0	5	0	0	10	9	0	0	0	0	108	0	0	0	0	0	0	37	0	0	0	0	0	0	0	0	0	0	52	0	0	0	0	0	0	0	23	0	0	0	0	0	0	0	0	0	0	0	0	17	0	0	0	0	0	0	0	0	4	64	0	0	0	49	19	0	0	54465	0	0	0	0	0	0	0	0	0	0	0	0	224	0	95	0	0	0	0	0	0	0	0	0	0	0	0	13	0	263
CR17.22F.S77	0	0	0	0	0	0	0	0	0	47	0	0	0	0	0	0	157	0	0	0	0	154	0	0	0	0	0	0	0	0	0	0	0	0	0	0	0	0	0	0	0	0	0	0	0	0	0	0	0	0	0	18	0	0	0	0	0	7	0	0	0	0	0	0	0	0	0	1	0	52	0	0	0	0	0	0	0	0	197	0	0	0	0	0	0	0	6	0	0	0	0	0	0	0	0	0	0	0	0	0	0	0	0	0	0	0	0	0	0	57	0	0	0	0	0	0	0	78149	0	0	0	0	0	0	0	0	0	0	0	87	54	3	0	0	0	0	0	0	0	0	0	0	0	0	0	21	0	20
IS17.21F.S84	34	0	0	13	0	0	0	0	0	0	0	0	0	0	0	0	40	0	0	0	0	155	0	0	1	0	0	0	0	0	0	0	0	0	0	0	0	0	0	0	0	0	0	0	0	0	0	0	17	0	0	35	0	0	0	0	4	0	0	0	21	0	0	0	0	0	0	0	0	0	0	0	0	0	0	0	0	0	20	0	0	0	0	0	0	0	0	0	0	0	0	0	0	0	0	0	0	0	0	0	0	0	0	0	0	0	71	0	4	2	0	0	0	19	0	36	0	73117	0	0	0	28	0	0	0	0	0	0	0	1	386	1	0	0	0	0	0	0	0	0	0	0	0	0	0	0	0	120
IS17.22F.S85	0	0	0	0	0	0	0	0	0	0	2	0	0	0	43	0	0	0	0	0	0	0	0	0	0	0	0	0	0	0	0	0	0	0	0	0	0	0	0	0	0	0	0	17	0	0	0	0	28	0	0	7	0	0	0	0	0	0	0	0	0	0	0	0	0	0	0	0	0	46	0	0	0	0	0	0	0	0	0	0	0	0	0	0	0	0	0	0	0	0	0	0	32	0	0	0	0	0	0	0	0	0	0	0	0	0	0	0	0	0	0	0	0	0	0	0	0	62035	0	0	0	0	0	0	0	0	0	0	0	0	26	4	3	0	0	0	0	0	0	0	0	0	0	0	0	0	0	33
IS17.23F.S86	0	0	0	0	0	0	0	0	0	0	6485	0	0	0	0	0	1	0	0	0	0	0	0	0	0	0	0	0	74	0	0	0	0	0	0	0	0	0	0	0	0	0	0	0	0	0	0	0	0	0	0	13	0	0	0	0	0	0	0	0	0	0	0	0	0	0	0	0	0	0	0	0	0	0	0	0	0	0	27	0	0	0	0	0	0	0	0	0	0	0	0	0	0	0	0	0	0	0	0	0	0	0	0	0	0	0	113	0	5	44	0	0	0	0	21	0	0	43239	0	0	0	0	0	0	0	0	0	0	0	49	45	0	0	0	0	0	0	0	0	0	0	0	0	0	0	0	30	49
IS17.24F.S87	0	0	0	0	0	0	0	206	0	0	1	0	0	0	102	0	8	0	0	0	0	26	0	0	0	0	0	0	0	0	0	0	0	0	0	0	0	0	0	0	0	0	0	0	0	93	0	0	0	0	0	3	0	0	0	0	0	0	0	0	0	0	0	0	0	0	0	0	0	113	175	0	0	0	0	0	0	0	27	27	0	93	0	30	0	0	0	0	39	0	0	0	0	0	0	0	0	0	0	0	0	0	0	0	0	0	33	0	45	0	0	0	0	2	0	0	0	53299	33	0	0	61	0	0	0	0	0	0	0	0	325	21790	0	0	0	0	171	0	0	0	0	76	0	0	0	10	0	291
IS17.25F.S88	0	0	0	0	0	0	0	0	0	0	1	0	0	0	0	0	37	0	0	0	0	9	0	0	0	0	0	0	0	0	0	0	0	0	0	0	0	0	0	0	0	0	0	0	0	0	0	0	0	0	0	28	0	0	0	25	0	0	0	0	0	0	0	0	0	0	0	0	0	39	0	0	0	0	0	0	0	0	22	0	0	0	0	0	0	0	8	0	0	10	0	0	0	0	0	0	0	0	0	0	0	0	0	0	0	0	0	0	0	0	0	0	0	0	23	0	0	59083	0	0	0	0	0	0	0	0	0	0	0	62	125	0	0	0	0	0	0	0	0	0	0	0	0	0	0	0	0	212
IS17.26F.S89	0	0	0	0	0	0	0	0	0	0	1	0	0	0	0	0	44	0	0	0	0	0	0	0	0	0	0	0	0	0	0	0	0	0	0	0	0	0	0	0	0	0	0	0	0	0	0	0	0	0	0	0	0	0	0	0	0	0	0	0	0	0	0	0	0	0	0	0	0	0	0	0	0	0	0	0	0	0	0	0	0	0	0	0	0	0	0	0	0	0	0	0	69	0	0	0	0	0	0	0	0	0	0	0	0	0	0	0	0	30	0	0	0	0	0	0	0	74370	0	0	0	0	0	0	0	0	0	0	0	0	245	4	0	0	0	0	0	0	0	0	0	0	0	0	0	20	0	191
IS17.27F.S90	0	0	0	0	0	0	0	0	0	0	19238	0	0	0	0	0	0	0	0	0	0	0	0	0	0	0	0	0	0	0	0	0	59	0	0	0	0	0	0	0	0	0	0	0	1	0	0	0	0	0	0	12	0	0	0	0	0	0	0	0	0	0	0	0	0	0	0	0	0	0	0	0	0	0	0	0	0	0	0	0	0	0	0	0	0	0	0	0	0	0	0	0	0	0	0	0	0	0	0	0	0	0	0	0	0	0	0	0	49	0	0	0	0	0	0	0	0	48233	0	0	0	0	0	0	0	0	0	0	0	0	0	3	0	0	0	0	0	0	0	0	0	0	0	0	0	0	0	119
IS17.28F.S91	0	0	0	0	0	0	0	0	0	0	1	0	0	0	0	0	15	0	0	0	0	28	0	0	0	0	0	0	0	0	0	0	74	0	0	0	0	0	0	0	0	0	0	0	0	0	0	0	0	0	0	25	0	0	0	0	0	0	0	0	0	0	0	0	0	0	0	0	0	0	0	0	0	0	0	0	0	0	0	0	0	0	0	0	0	0	0	0	0	0	0	0	0	0	0	0	0	0	0	0	0	0	0	0	0	0	0	0	34	9	0	0	0	0	0	0	0	49621	0	0	14	0	0	0	0	0	0	0	0	12	15	1	2	0	0	0	0	0	0	0	0	0	0	0	0	0	0	92
IS17.29F.S92	0	0	0	0	0	0	0	0	0	0	0	0	0	0	0	0	0	0	0	0	0	0	0	0	0	0	0	0	0	0	0	0	0	0	0	0	0	0	0	0	0	0	0	0	0	0	0	0	0	0	0	15	0	0	0	0	0	0	0	0	0	0	0	0	0	0	0	0	0	0	0	0	0	0	0	0	0	0	0	0	0	0	0	0	0	0	0	0	0	0	0	0	0	43	0	0	0	0	0	0	0	0	0	0	0	0	0	0	21	0	0	0	0	0	0	0	0	61939	0	0	0	0	0	0	0	0	0	0	0	0	0	5	0	0	0	0	0	0	0	0	0	0	0	0	0	0	0	68
IS17.30F.S93	0	0	0	0	0	0	0	0	0	0	1	0	4	0	0	0	20	0	0	0	0	0	0	0	0	0	0	0	31	0	0	0	126	0	0	0	0	0	0	13	0	0	0	16	0	0	0	0	0	0	0	21	1	0	0	0	0	0	0	0	0	0	0	0	0	0	0	56	0	0	0	0	0	0	0	0	13	0	0	0	0	0	0	0	0	0	0	0	0	0	0	0	0	0	0	0	12	0	0	0	16	0	0	0	0	0	0	0	72	26	0	0	0	46	0	0	0	33543	0	0	15	0	0	0	0	0	0	0	0	0	154	11490	24	0	0	0	0	0	0	0	0	0	0	0	0	19	0	55
IS17.37F.S94	0	0	0	0	0	0	0	0	0	0	1	0	0	23	0	0	0	0	0	0	0	14	0	0	0	0	0	0	0	0	0	0	36	0	0	0	0	0	0	0	0	0	0	22	0	0	0	0	0	0	0	0	0	0	0	0	0	0	0	0	0	0	0	0	0	0	0	0	0	55	0	0	0	0	0	41	0	0	0	0	0	0	0	0	0	0	0	0	0	0	0	0	0	19	0	0	0	0	0	0	0	27	0	0	0	0	0	0	1	82	0	0	0	0	0	0	0	38283	42	0	0	0	0	0	0	0	20	0	0	0	0	1	0	0	0	0	0	0	0	0	0	0	0	0	0	0	0	183
KF17.1M.S1	0	0	0	0	0	0	0	0	0	0	0	0	0	0	0	0	0	0	0	0	0	0	0	0	0	0	0	0	0	0	0	0	383	0	0	0	0	0	0	0	0	0	0	234	0	0	0	0	0	0	0	186	0	0	0	0	0	0	0	0	0	0	0	0	0	0	0	0	0	374	0	0	0	0	0	0	0	0	0	0	0	0	0	0	0	0	0	0	0	0	0	0	0	0	0	0	0	0	0	0	0	0	0	0	0	0	0	0	0	1	0	0	0	0	0	0	0	44356	0	0	0	0	0	0	0	0	0	0	0	0	0	3	0	0	0	0	0	0	0	0	0	0	0	0	0	0	0	238
KF17.2M.S2	0	0	0	0	0	0	0	0	0	0	0	0	0	0	0	0	0	0	0	0	0	493	0	0	0	0	0	0	0	0	0	0	0	0	0	0	0	0	0	0	0	0	0	0	0	0	0	0	0	0	0	233	0	0	0	0	0	0	0	0	0	0	0	0	224	0	0	0	0	350	0	0	0	0	0	0	0	0	193	0	0	0	0	0	0	0	1215	0	0	0	0	7	7	202	0	0	0	0	475	144	0	0	0	0	0	0	0	0	340	0	0	0	0	566	409	0	0	159	0	0	0	0	0	0	0	0	0	0	0	0	228	1	0	0	0	0	0	0	0	0	0	0	0	0	0	111	0	1103
KF17.3M.S3	0	0	0	0	0	0	0	0	0	0	0	0	0	0	0	0	0	0	0	0	0	0	0	0	0	0	0	0	0	0	0	0	71	0	0	0	0	0	0	0	0	44	0	0	0	0	0	0	0	0	0	526	0	0	0	26	0	0	0	0	0	0	0	0	0	0	0	0	0	0	0	0	0	0	0	0	0	0	0	1	0	0	0	0	0	0	0	0	0	0	0	0	0	0	0	0	0	0	0	0	0	0	0	0	0	0	10	0	12	1	0	0	0	0	0	0	0	76445	0	0	0	0	0	0	0	0	0	0	0	0	279	7	0	0	0	0	460	0	0	0	0	0	0	0	0	0	0	1272
KF17.4M.S4	0	0	0	0	0	0	0	0	0	0	0	0	0	0	0	0	0	0	0	0	0	0	0	0	0	0	0	0	0	0	0	0	0	0	0	0	0	0	0	86	0	0	0	0	0	0	0	0	0	0	0	329	0	0	0	0	0	0	0	0	0	0	0	0	0	0	0	0	0	0	0	0	0	0	0	0	0	0	0	62	0	0	0	0	0	0	250	0	0	0	0	40	0	28	0	0	0	0	0	0	0	0	0	0	0	0	0	0	3	316	2	0	0	53	0	0	0	60635	0	0	0	0	0	0	0	0	0	0	0	48	0	2	0	0	0	0	0	0	0	0	0	0	0	0	0	42	0	165
KF17.5M.S5	0	0	0	0	0	0	0	0	0	0	1	0	0	0	0	0	0	0	0	0	0	0	0	0	0	0	0	0	0	0	0	0	0	0	0	0	0	0	0	0	0	0	0	0	78	0	0	0	0	0	0	0	0	0	0	0	0	0	0	0	0	0	0	0	0	0	0	0	0	0	0	0	0	0	0	0	0	0	0	11	0	0	0	0	0	0	0	0	0	0	0	0	0	0	0	0	0	0	0	0	0	0	0	0	0	0	0	0	1	0	0	0	0	0	55	24	0	56822	0	0	0	0	0	0	0	0	0	0	0	0	0	8958	0	0	0	0	0	0	0	0	0	0	0	0	0	0	0	46
KF17.6M.S6	0	0	0	0	0	0	0	0	0	0	0	0	0	0	0	0	116	0	0	0	0	0	0	0	0	0	0	0	0	0	0	0	83	0	0	0	0	0	0	36	0	0	0	78	0	0	0	0	0	0	0	0	0	0	0	0	0	0	0	0	0	0	0	0	0	0	0	0	0	0	0	0	0	0	0	0	0	0	0	0	0	0	0	0	39	0	223	0	0	0	0	0	0	0	0	0	0	0	0	0	0	0	0	0	0	0	0	0	6	1	0	0	0	1	0	0	0	80194	0	0	0	0	0	0	0	0	0	0	0	0	109	4	69	0	0	0	111	0	0	0	0	0	0	0	0	67	0	575
KF17.7M.S7	0	0	0	0	0	0	0	0	0	0	0	0	0	0	0	0	17	0	0	0	0	0	0	0	0	0	0	0	0	0	0	0	0	81	0	0	0	0	0	0	0	0	0	0	0	0	0	0	0	0	0	7	0	0	0	0	0	0	0	0	0	0	0	0	0	0	0	0	0	0	0	0	0	0	0	0	0	0	0	1	0	0	0	0	0	0	85	0	0	0	0	0	0	0	0	0	0	0	0	0	0	0	0	0	1	0	0	0	13	33	0	0	0	0	0	0	0	71283	0	0	0	0	0	0	0	0	0	0	0	0	15	3	0	0	0	0	0	0	0	68	0	0	0	0	0	0	0	113
RDWB17.1F.S80	0	0	0	0	0	0	0	0	0	0	1	0	0	0	0	8	119	0	0	0	0	329	0	0	16	0	0	0	28	0	0	0	0	0	0	0	0	0	0	71	0	0	0	0	0	0	0	0	0	0	0	31	0	0	0	0	0	0	0	0	61	11	6	0	0	0	0	70	0	0	0	0	0	0	0	0	0	0	75	0	0	0	0	0	0	0	48	0	0	0	0	381	0	10	0	0	0	0	0	0	0	0	0	0	0	0	0	0	1	143	0	0	0	57	0	0	0	48302	0	0	12	0	0	0	0	0	7	0	9	11	1532	11566	111	0	0	0	0	0	0	0	0	0	3	0	0	13	0	147
RDWB17.1M.S79	0	0	0	0	0	0	0	0	0	0	1454	0	0	0	0	0	1896	0	0	0	0	410	0	0	0	0	0	0	65	28	0	0	0	115	31	0	0	0	0	0	0	0	0	0	0	0	0	0	0	0	0	0	0	0	0	0	0	0	0	0	408	0	0	0	0	0	0	0	0	0	454	0	0	0	0	0	0	0	144	0	0	0	0	0	0	0	153	0	0	0	0	653	0	0	118	0	0	0	0	0	0	0	0	0	0	0	0	0	1	714	46	0	0	352	0	0	0	3205	0	0	0	0	0	0	0	0	0	0	0	0	1433	2	129	0	0	0	0	0	0	0	0	0	0	0	0	216	0	357
RDWB17.2F.S81	0	0	0	0	0	0	0	0	0	0	2	0	0	0	0	0	55	0	0	0	0	42	0	0	12	0	0	0	0	0	0	0	5	0	0	0	0	0	0	0	0	0	0	0	0	0	0	0	0	0	0	11	0	0	0	30	0	0	0	0	32	0	0	0	0	0	0	0	0	0	0	0	0	0	0	0	0	0	3	0	0	0	0	0	0	0	16	0	0	0	0	2	0	0	0	0	0	0	0	0	0	0	0	0	0	0	0	0	8	315	3	0	0	73	0	0	0	42635	0	0	0	0	0	0	0	0	0	0	0	0	296	1	0	0	0	0	0	0	0	0	0	0	0	0	0	4	0	81
RDWB17.3F.S82	0	0	0	74	4	0	0	0	0	0	1	10	0	0	0	0	1700	0	0	0	0	101	0	0	0	0	0	0	0	0	0	7	97	0	0	0	0	0	0	1	0	0	0	0	0	0	0	0	0	0	7	0	7	0	0	0	0	0	0	0	8	0	0	0	0	0	0	0	0	0	0	0	0	0	0	0	0	0	936	0	0	0	0	0	0	0	313	0	0	0	0	292	0	0	0	0	0	0	0	6	0	0	0	0	0	0	0	0	1	777	0	0	0	158	883	0	0	43902	0	0	0	0	0	0	11	0	0	0	0	92	511	121	0	0	0	0	0	0	0	0	0	0	0	0	0	55	0	84
RDWB17.4F.S83	0	0	0	15	0	0	0	0	0	0	0	0	0	0	0	34	71	0	0	0	0	769	0	0	109	0	0	0	0	0	0	0	12	0	0	0	16	0	0	99	0	0	0	0	0	0	0	0	0	0	0	6	0	0	0	0	0	23	0	0	180	0	0	0	0	0	0	19	0	25	0	0	0	0	0	53	0	0	0	0	0	0	0	0	0	0	55	0	0	0	0	427	0	0	0	0	0	0	0	14	0	0	0	0	0	0	0	0	0	1404	0	0	0	529	0	0	0	47947	0	11	1	0	0	0	0	0	0	0	1	280	837	10	257	0	0	0	0	0	0	0	0	0	16	0	42	36	10	58
SG17.10F.S38	0	0	0	0	0	0	0	0	0	0	2	0	0	0	0	0	15	0	0	0	0	0	0	0	0	0	0	0	0	0	0	0	0	0	0	0	0	0	0	0	0	0	0	8	0	0	0	0	0	0	0	0	0	0	0	0	0	0	0	0	0	0	0	0	0	0	0	0	0	0	0	0	0	0	51	0	0	0	4	0	0	0	0	0	0	0	5	0	0	0	0	0	0	0	0	0	0	0	0	0	0	0	0	0	0	0	11	0	0	74	0	0	0	0	13	0	0	57591	0	0	6	0	0	0	0	0	0	0	0	0	19	2	0	0	0	0	0	0	0	0	0	0	0	0	0	0	24	52
SG17.10M.S49	0	0	0	0	0	0	0	0	0	0	51	0	0	0	0	0	0	0	0	0	0	39	0	0	0	0	0	0	0	0	0	0	40	0	0	0	0	0	0	0	0	0	0	0	0	0	0	0	0	0	0	0	0	0	0	0	0	0	0	0	0	0	0	0	0	0	0	0	0	0	0	0	0	0	0	0	0	0	0	0	0	0	0	0	0	0	0	0	0	0	0	0	0	0	0	0	0	0	0	0	0	0	0	0	0	0	0	0	9	0	0	0	0	0	14	0	0	14026	0	0	0	0	0	0	0	0	0	0	0	0	0	21025	0	0	0	0	0	0	0	0	0	0	0	0	0	0	0	50
SG17.11F.S39	0	0	0	0	0	0	0	18	0	0	0	0	0	0	0	0	54	0	0	0	0	120	0	23	0	0	0	0	0	0	0	0	39	0	0	0	0	0	0	0	0	0	0	0	0	0	0	0	0	0	0	18	0	0	0	0	0	0	0	0	0	0	0	0	0	0	0	0	0	0	0	0	0	0	0	0	0	0	638	44	0	0	6	0	0	0	45	0	0	0	0	6	0	0	0	0	0	0	0	0	79	0	0	0	0	0	76	0	2	178	0	0	0	28	36	0	0	61769	0	0	0	0	0	0	0	0	0	0	0	0	218	20561	0	0	0	0	112	0	0	0	0	188	0	0	0	0	0	90
SG17.11M.S50	0	0	0	0	0	0	0	0	0	0	0	0	0	0	0	0	11	0	0	0	0	30	0	0	0	0	0	0	0	0	0	0	23	0	0	0	0	0	0	0	0	0	0	0	0	0	0	0	0	0	0	38	0	0	0	0	0	0	0	0	0	0	0	0	0	0	0	0	0	0	0	31	0	0	0	0	0	0	12	0	0	0	0	0	0	0	0	0	0	0	0	0	0	0	0	0	0	0	0	0	0	0	15	0	0	0	0	0	2	17	0	0	0	16	26	0	0	38792	0	0	7	0	0	0	0	0	0	0	0	0	18	15020	0	0	0	0	0	0	0	0	0	0	0	0	0	0	0	35
SG17.12M.S51	0	283	0	0	0	0	0	0	0	0	0	0	0	0	0	0	0	0	0	0	0	317	0	0	0	0	0	0	66	0	0	0	0	0	0	0	0	0	0	0	0	0	0	0	0	0	0	0	0	0	0	1	0	0	0	0	0	0	0	0	0	0	0	0	0	0	0	0	0	0	0	0	0	0	0	0	0	0	116	0	0	0	0	0	0	0	137	0	0	0	0	0	0	0	0	0	0	0	0	0	0	0	0	0	0	0	0	253	0	233	0	0	0	0	0	0	0	40510	0	0	0	0	0	0	0	0	0	0	0	0	34	4651	0	0	166	0	0	0	0	0	0	0	0	0	0	0	0	953
SG17.13M.S52	0	0	0	0	0	0	0	0	0	0	0	0	0	0	0	0	0	0	0	0	0	0	0	0	0	0	0	0	0	0	0	0	37	0	0	0	0	0	0	0	0	0	0	0	0	0	0	0	0	0	0	0	0	0	0	0	0	0	0	0	1	0	0	0	0	0	0	0	0	44	0	0	0	0	0	0	0	0	0	0	0	0	0	0	0	0	31	0	0	0	0	8	0	0	0	0	0	0	0	0	0	0	0	0	0	0	0	0	10	0	0	0	0	53	0	0	0	27440	0	0	0	0	0	0	0	0	0	0	0	0	27	12082	0	0	0	0	76	0	0	0	0	0	0	0	0	0	0	7
SG17.14M.S53	0	0	0	0	0	0	0	0	0	0	0	0	0	0	0	0	57	0	0	0	0	24	0	0	0	0	0	0	0	0	0	0	36	0	0	0	0	0	0	0	0	0	0	0	0	0	0	0	0	0	0	33	0	0	0	0	0	0	0	0	15	0	0	0	0	0	0	0	0	23	0	27	0	0	0	0	0	0	60	0	6	0	0	0	0	0	50	0	0	0	0	20	0	0	0	0	0	0	0	0	41	0	0	0	0	0	0	0	55	0	0	0	0	16	0	0	0	22729	0	0	0	0	0	0	0	0	0	0	0	0	151	17437	0	0	0	0	0	0	0	0	0	0	0	0	0	0	0	213
SG17.15M.S54	0	0	0	0	0	0	0	0	0	0	0	0	0	41	0	0	59	0	0	0	0	78	0	0	0	0	0	0	0	0	0	0	50	0	0	0	0	0	0	0	0	0	0	0	0	0	0	0	185	0	0	80	0	0	0	0	0	0	79	0	0	0	0	0	0	0	0	0	0	0	0	0	0	0	0	0	0	0	0	0	0	0	0	0	0	0	0	0	0	0	0	0	0	0	0	0	0	0	0	0	0	0	0	0	0	0	0	0	0	0	0	0	0	70	0	0	0	147	0	0	0	0	0	0	0	0	0	0	0	0	0	48507	0	0	0	0	0	0	0	0	0	0	0	0	0	0	0	12
SG17.16M.S55	0	0	0	0	0	0	0	0	0	0	283	0	0	0	0	0	12	0	0	0	0	37	0	0	0	0	0	0	0	0	0	0	51	0	0	0	0	0	0	0	0	0	0	0	0	0	0	0	0	0	0	10	0	0	0	0	0	0	0	0	2	0	0	0	0	0	0	0	0	0	0	0	0	0	0	0	0	0	16	0	0	0	0	0	0	0	0	0	0	0	0	0	0	0	0	0	0	0	0	0	0	0	0	0	0	0	0	0	11	10	0	0	0	0	0	0	0	404	0	0	0	0	0	33	0	0	0	0	0	0	51	23534	0	0	0	0	0	0	0	0	0	0	0	0	52	0	0	96
SG17.17M.S56	0	0	0	0	0	0	0	0	0	0	0	0	0	0	0	0	16	0	0	0	0	23	0	0	0	0	0	0	2	0	0	0	115	0	0	0	0	0	0	0	0	0	0	0	0	0	0	0	0	64	0	0	0	0	0	0	0	0	0	0	0	0	0	0	0	0	0	0	0	0	0	0	0	0	0	0	0	0	3	0	0	0	0	0	0	0	2	0	0	0	0	8	0	0	0	0	0	0	0	0	0	0	0	0	0	0	0	0	131	19	0	0	0	62	0	0	0	33363	0	0	0	0	0	0	0	0	29	0	14	18	46	7127	0	0	0	0	0	0	0	0	0	0	0	0	59	0	0	114
SG17.1F.S29	0	0	0	0	0	0	0	0	0	0	0	0	0	0	0	0	120	0	0	0	128	0	0	31	0	0	0	0	0	0	0	0	0	0	0	0	0	63	0	0	0	0	0	0	0	0	0	0	0	0	0	0	0	0	0	0	0	0	0	0	0	0	0	0	0	0	0	0	0	0	0	0	0	60	0	0	0	0	0	0	0	0	0	0	0	0	1	0	0	0	0	0	0	0	0	0	0	0	0	0	0	0	0	0	0	0	0	0	0	0	0	0	0	0	0	0	0	75038	0	0	0	1	0	0	0	0	0	0	0	0	122	368	0	0	0	0	0	0	0	0	0	0	86	0	0	0	0	337
SG17.1M.S40	0	0	0	0	0	0	0	0	0	0	1	0	0	0	0	0	1066	0	0	0	0	412	0	0	177	0	0	0	0	0	0	0	0	0	0	694	0	0	0	0	0	0	0	2	0	0	0	0	0	0	0	0	0	0	0	0	0	0	0	0	0	0	0	0	0	0	0	0	0	0	0	0	0	0	0	0	0	0	372	633	0	0	0	0	0	0	0	0	0	0	0	495	0	0	0	0	0	0	0	0	0	0	0	0	0	0	0	0	108	546	0	0	0	924	0	0	0	101	0	0	0	0	0	0	0	0	0	0	0	323	301	5	0	0	0	0	0	0	0	0	0	0	0	0	0	0	0	789
SG17.2F.S30	0	0	0	0	0	0	0	0	0	0	0	0	0	0	0	0	9	0	0	0	0	11	0	0	0	0	0	0	0	0	0	0	0	0	0	0	0	0	0	0	0	0	0	0	0	0	0	0	0	0	0	11	0	0	0	0	0	0	0	0	0	0	0	0	0	0	0	0	0	0	0	0	0	0	0	0	0	0	0	0	0	0	0	0	0	0	0	0	0	0	0	0	0	0	0	0	0	0	0	0	0	0	0	0	0	0	0	0	12	25	0	0	0	14	0	0	0	80916	0	0	0	0	0	0	0	0	0	0	0	0	29	13496	0	0	0	0	24	0	0	0	0	0	0	0	0	0	0	94
SG17.2M.S41	0	0	0	13	0	0	0	0	0	0	2	0	0	0	0	0	640	0	0	0	0	861	0	0	0	0	0	0	0	0	0	0	0	335	0	0	0	0	0	65	0	0	0	962	0	0	0	0	0	0	0	0	0	0	0	0	0	0	0	0	0	0	0	0	0	0	0	0	0	0	0	0	0	0	0	0	0	0	1136	0	0	0	0	0	0	0	61	0	0	0	0	329	0	0	0	0	0	0	0	0	0	0	0	0	0	0	0	0	94	902	0	0	0	175	0	0	0	16378	0	0	0	0	0	0	0	0	0	0	0	0	1737	15	0	0	241	0	0	0	0	156	0	0	0	0	0	0	0	2093
SG17.3F.S31	0	0	0	0	0	0	0	0	0	0	126	0	0	0	0	0	6	0	0	0	0	0	0	0	0	0	0	0	0	0	0	0	0	0	0	0	0	0	0	0	68	0	0	0	0	0	0	0	0	0	0	16	0	0	0	0	0	0	0	0	0	0	0	0	0	0	0	0	0	0	0	0	0	0	0	0	0	0	0	0	0	0	0	0	0	0	403	0	0	0	0	0	0	0	0	0	0	0	0	0	0	0	0	0	0	0	0	0	23	0	0	0	0	0	0	0	0	58232	0	0	0	0	0	0	0	0	0	0	0	50	0	1	0	0	0	0	35	0	0	0	0	0	0	0	0	0	0	134
SG17.3M.S42	0	0	0	0	0	0	0	0	0	0	3	0	0	0	0	0	87	0	0	0	0	132	0	0	0	0	0	0	0	0	0	0	384	0	0	1	0	0	125	0	0	0	0	0	0	0	0	0	0	0	0	43	0	0	0	0	0	0	0	130	0	0	0	0	0	0	0	0	0	0	0	0	0	0	0	0	0	0	49	131	0	0	0	0	0	0	83	0	0	0	0	144	0	0	0	0	0	0	0	0	0	0	0	0	0	0	31	0	121	132	0	0	0	0	0	0	0	22840	0	0	0	0	0	0	0	0	0	0	0	0	380	38248	0	0	0	66	0	0	0	0	0	0	0	0	0	0	0	108
SG17.4F.S32	0	0	0	2	0	0	0	0	0	0	0	0	0	0	0	0	41	0	0	0	5	64	0	0	0	0	0	0	0	0	0	0	36	0	0	0	0	0	0	0	0	0	0	0	20	0	0	0	0	0	0	44	0	0	0	0	0	0	0	0	0	0	0	0	45	0	0	0	0	0	0	0	0	0	0	0	0	0	28	0	0	0	0	0	0	0	33	0	0	0	0	18	0	21	0	0	0	0	0	0	42	0	0	0	0	0	0	0	14	182	0	0	0	12	0	0	0	70636	0	0	0	0	0	0	0	0	0	0	0	0	34	5	0	0	0	0	0	0	0	0	0	38	0	0	0	20	15	144
SG17.4M.S43	0	0	0	0	0	0	0	0	0	0	1	0	0	51	0	0	0	0	0	0	0	1	0	0	0	0	0	0	0	0	0	0	126	0	0	0	332	0	0	0	0	0	0	0	0	0	0	0	0	0	0	251	0	0	0	0	0	0	0	0	0	0	0	0	0	71	0	0	0	0	0	0	0	0	0	0	0	0	92	189	0	0	0	0	311	0	0	0	0	0	0	0	0	0	0	0	0	0	0	0	0	0	0	0	0	0	0	0	84	0	0	0	0	0	51	0	0	33400	0	0	0	0	0	0	0	0	0	0	0	0	0	3	0	0	0	0	0	0	0	0	0	0	0	0	0	0	0	148
SG17.5F.S33	0	0	0	0	0	0	0	0	0	0	0	0	0	0	0	0	39	0	0	0	0	0	0	0	0	0	0	0	0	0	0	0	0	0	0	0	0	0	0	0	30	0	0	0	45	0	0	0	0	0	0	31	0	0	0	0	0	0	0	0	0	0	0	0	0	0	0	0	0	0	0	0	0	0	0	0	0	0	0	0	0	0	0	0	0	0	29	0	0	0	0	16	0	0	0	0	0	36	0	0	0	0	0	0	0	0	0	0	1	35	0	0	0	0	0	0	0	58301	0	0	0	0	0	0	0	0	0	0	0	0	70	4	0	0	0	0	0	0	0	0	0	0	0	0	0	0	0	50
SG17.5M.S44	0	0	0	0	0	26	0	0	0	0	2	0	0	0	0	0	0	0	0	0	0	24	0	0	0	0	0	0	0	0	0	0	1	0	0	0	0	0	0	0	0	0	0	58	0	0	0	0	0	0	0	33	0	0	0	0	0	0	0	0	0	0	0	0	0	0	0	0	0	63	0	0	0	0	0	0	0	0	1	0	0	0	0	0	0	0	0	0	0	20	0	0	0	0	0	0	0	0	0	0	0	0	0	0	0	1	0	0	38	0	0	0	9	0	0	0	0	53332	0	0	0	0	0	0	0	0	0	0	0	0	33	11297	0	0	0	0	0	0	0	0	0	0	0	0	0	0	0	81
SG17.6F.S34	0	0	0	0	0	0	0	0	0	0	0	0	0	0	0	0	0	0	0	0	0	20	0	0	0	0	0	0	12	0	0	0	0	0	0	0	0	0	0	0	0	6	0	0	0	0	0	0	0	0	0	32	0	0	0	0	0	0	0	0	0	0	0	0	0	0	0	0	0	0	0	0	0	0	0	0	0	0	0	0	0	0	0	0	0	0	0	0	0	0	0	0	0	0	0	0	0	0	0	0	0	0	0	0	0	0	0	0	2	4	0	0	0	7	0	0	0	49991	0	25	0	0	0	0	0	0	0	0	0	0	85	16	18	0	0	0	0	0	0	0	0	0	0	0	0	0	1	88
SG17.6M.S45	0	0	0	0	0	0	0	0	0	0	1	0	0	0	0	0	18	0	0	0	0	50	0	0	0	0	0	0	0	0	0	0	46	0	0	0	0	0	0	0	0	0	0	0	0	0	0	0	59	0	0	0	0	0	0	0	0	0	0	0	0	0	0	0	0	0	0	0	0	0	0	0	0	0	0	0	0	0	12	0	0	0	0	0	0	0	0	0	0	0	0	37	0	0	0	0	0	0	0	0	0	0	0	0	0	0	0	0	31	40	0	0	0	0	0	0	0	50813	0	0	0	0	0	0	0	0	0	0	0	0	88	4178	0	0	0	0	0	0	0	0	0	0	0	0	0	0	0	67
SG17.7F.S35	0	0	0	0	0	0	0	0	0	0	0	0	2	0	0	0	61	0	0	0	0	8	0	0	0	0	0	0	0	0	0	0	0	0	0	0	0	0	0	0	0	0	0	0	0	0	0	0	0	0	0	9	0	0	0	0	0	0	0	0	0	0	0	0	0	0	0	0	0	23	0	0	0	0	0	0	0	0	53	106	0	0	0	0	0	0	28	0	0	0	0	0	3	0	0	0	0	0	0	0	0	0	0	0	0	0	0	0	12	0	0	0	0	15	0	0	0	71581	0	0	0	57	0	0	0	0	0	0	0	0	114	18351	0	0	0	0	0	0	0	0	0	0	0	0	4	0	43	192
SG17.7M.S46	0	0	0	0	0	0	0	0	0	0	1	0	0	0	0	0	12	0	0	0	0	560	0	0	0	0	0	0	0	0	0	0	0	0	0	0	0	0	0	0	0	0	0	156	0	0	0	0	0	0	0	0	0	0	0	0	0	0	0	0	384	0	0	0	0	0	0	0	0	0	0	0	0	0	0	0	0	0	1206	0	0	0	0	0	0	0	0	0	0	0	0	295	0	0	0	0	0	0	0	0	0	0	0	0	0	0	0	0	122	738	0	0	0	0	0	0	0	9642	0	0	0	0	0	0	0	0	0	0	0	0	561	4	0	0	0	0	0	0	0	0	0	0	0	0	0	0	0	732
SG17.8F.S36	0	0	0	0	0	0	0	0	0	0	95	0	0	0	0	0	0	0	0	0	0	19	0	0	0	0	0	0	0	0	0	0	0	0	0	0	0	0	0	0	0	0	0	0	0	0	0	0	0	0	0	0	0	0	0	0	0	0	0	0	1	0	0	0	0	0	0	0	0	0	0	0	36	0	0	0	0	0	0	0	0	0	0	0	0	0	46	0	0	0	0	0	0	0	0	0	0	0	0	0	0	0	0	0	0	0	0	0	12	0	0	0	0	0	0	0	0	83498	0	0	0	0	0	0	0	0	0	0	0	0	30	1	0	0	17	0	0	0	0	0	0	0	0	0	0	0	0	155
SG17.8M.S47	0	0	0	0	0	0	0	0	0	0	3	0	0	0	0	0	265	0	0	0	0	28	0	0	0	0	0	0	0	0	0	0	0	0	0	0	0	0	0	0	0	0	0	86	0	0	0	0	0	0	0	81	0	0	0	0	0	0	0	0	53	0	0	0	0	0	0	0	0	0	0	0	0	0	0	0	0	0	416	0	0	0	0	0	0	0	66	0	0	0	0	50	0	0	0	0	0	0	0	0	0	0	0	0	0	0	0	0	8	0	0	0	0	17	0	0	0	27668	0	0	0	0	0	0	0	0	0	0	0	1	294	32423	0	0	0	0	85	0	0	0	0	0	0	0	0	43	0	68
SG17.9F.S37	0	0	0	0	0	0	0	0	0	0	1	0	0	0	0	0	19	0	0	0	0	18	0	0	0	0	0	0	0	0	0	5	62	0	0	0	0	0	0	0	0	0	0	0	0	0	0	0	6	0	0	9	0	0	0	0	0	0	0	0	0	0	0	0	0	0	0	0	0	0	0	0	0	0	0	0	0	0	19	0	0	0	0	0	7	0	11	0	0	6	0	0	0	0	0	0	0	11	0	0	0	0	0	0	0	0	0	0	0	71	0	0	0	11	16	0	0	62375	0	0	0	0	0	0	0	0	0	0	0	0	110	13404	0	0	0	0	0	0	0	0	0	0	0	0	0	22	0	154
SG17.9M.S48	0	0	0	0	0	0	0	0	0	0	52425	0	0	0	0	0	0	0	0	0	0	0	0	0	0	0	0	0	141	0	0	0	0	0	0	0	0	0	0	0	0	0	0	0	0	0	0	0	0	0	0	24	0	0	0	0	0	0	6	0	0	0	0	0	0	0	0	0	0	0	0	0	0	0	0	0	0	0	0	0	0	0	0	0	0	0	0	0	0	0	0	0	0	0	0	0	0	79	0	0	0	0	0	0	0	0	0	0	87	0	0	0	0	0	0	0	0	3183	0	0	0	0	108	0	0	0	0	0	0	0	20	1255	0	0	0	0	0	0	0	0	0	0	0	0	0	0	0	123
TSA17.1F.S28	0	0	0	0	0	0	0	28	0	0	0	0	0	0	0	0	22	0	0	0	0	12	0	0	0	0	17	0	0	0	0	0	0	0	0	0	0	0	0	0	0	0	0	26	0	0	0	0	0	0	0	0	0	0	0	0	0	19	0	0	0	0	0	0	8	0	0	0	0	0	0	0	0	0	0	0	0	0	0	0	0	0	0	0	31	0	23	0	0	0	0	0	0	0	0	0	0	0	0	0	0	0	0	0	15	20	0	0	4	0	0	0	0	188	9	0	18	74009	0	0	0	0	0	0	0	0	0	0	0	0	0	1	0	0	0	62	61	0	0	0	0	0	0	0	59	0	0	113
TSA17.1M.S27	0	0	0	0	0	0	0	0	0	0	2	0	0	0	0	0	8	0	0	0	0	69	0	0	0	0	0	0	0	0	0	0	0	0	0	0	0	0	0	0	0	0	0	40	0	0	0	0	0	0	0	37	0	0	0	0	0	0	0	0	0	0	0	0	0	0	0	0	0	0	0	0	0	0	0	0	0	0	0	0	0	0	0	0	0	0	0	0	0	0	0	0	0	0	0	0	0	0	0	0	0	0	0	0	0	0	0	0	0	149	0	0	0	0	0	0	0	79904	0	0	0	0	0	0	0	0	0	0	0	0	0	3	0	0	0	0	0	0	0	0	0	0	1	0	0	0	0	62
WW18.10M.S20	0	0	0	0	0	0	0	0	0	0	0	0	0	0	0	0	48	0	0	0	0	286	0	0	0	0	0	11	0	0	0	0	0	0	0	0	0	0	0	0	0	0	0	0	0	0	0	0	0	0	0	0	0	0	0	0	0	0	0	0	11	0	0	0	0	0	0	0	0	27	0	0	0	0	0	0	0	0	30	0	0	0	0	0	49	0	0	0	0	0	0	7	0	0	0	0	0	0	0	0	0	0	0	0	0	0	0	0	10	1172	0	0	0	18	0	0	0	32988	0	0	0	0	0	0	0	0	0	0	0	0	747	8135	0	0	0	0	0	0	0	0	0	0	0	0	0	12	0	78
WW18.1F.S8	0	0	0	0	0	0	0	0	0	0	0	0	0	0	0	0	0	0	0	0	0	14	0	0	0	0	0	0	0	0	0	0	0	0	0	0	0	0	0	0	0	0	0	37	0	0	0	0	0	0	0	1	0	0	0	0	0	0	0	0	44	0	0	0	0	0	0	0	0	5	0	0	0	0	0	0	0	2	0	0	0	0	0	0	0	0	14	0	0	0	0	24	0	0	0	0	0	0	0	0	0	0	0	0	0	0	0	0	10	316	0	0	0	121	59	0	0	82948	0	0	0	0	0	0	0	0	0	0	0	0	162	3	30	0	0	0	0	0	0	0	0	0	0	0	0	23	27	42
WW18.1M.S11	0	0	0	0	0	0	0	0	0	0	0	0	0	0	0	0	927	0	0	0	0	0	0	0	0	0	0	0	0	0	0	0	510	0	0	0	0	0	0	0	0	0	0	0	0	0	0	0	0	0	0	454	0	0	0	0	0	0	0	0	0	0	0	0	0	0	0	0	0	0	775	0	0	0	0	0	0	452	0	4369	0	0	0	0	0	0	277	0	0	0	0	0	0	0	0	0	0	0	0	0	0	0	0	0	0	0	0	0	334	403	0	0	0	0	0	0	0	161	0	0	0	0	0	0	0	19	0	0	0	0	0	3	0	0	0	0	0	0	0	0	0	0	0	0	0	0	0	145
WW18.2F.S9	0	0	0	2	0	0	0	0	0	0	0	0	0	0	0	0	43	0	0	0	0	101	0	0	32	0	0	0	0	0	0	43	0	0	0	0	0	0	0	3	0	0	0	0	0	0	0	0	0	0	0	0	4	0	0	0	0	0	0	0	1	0	0	0	0	0	0	0	0	0	0	0	0	0	0	0	0	0	235	0	0	0	0	0	0	0	102	0	0	0	0	32	0	0	6	0	0	0	0	0	0	0	39	0	0	0	0	0	21	4228	0	0	0	63	33	0	0	55503	0	0	19	0	0	0	0	0	0	0	0	0	440	2611	0	0	0	0	0	9	0	0	0	0	0	0	0	6	0	209
WW18.2M.S12	0	0	0	0	0	0	0	0	0	0	0	0	0	43	0	0	69	0	0	0	0	156	0	0	0	0	0	0	0	0	0	0	0	0	0	0	0	0	0	4	0	0	0	0	0	0	0	0	0	0	0	0	0	0	0	0	0	11	0	0	0	0	0	0	0	0	0	49	0	0	0	0	0	0	0	0	0	0	0	1	0	0	0	0	151	0	4	0	0	0	0	0	0	0	0	0	0	0	0	21	0	0	0	0	0	0	0	0	1	39	0	0	0	281	0	0	0	44299	0	0	0	0	0	0	0	0	0	0	0	0	141	28194	0	0	0	0	0	0	0	0	0	0	0	0	0	52	0	133
WW18.3F.S10	0	0	0	0	0	0	0	0	0	0	0	0	24	0	0	0	17	0	0	0	0	14	0	0	0	0	0	0	0	0	0	0	12	7	0	0	0	0	0	0	0	0	0	14	0	0	6	0	0	0	0	10	0	0	0	0	0	0	0	0	77	0	0	0	0	0	0	9	0	10	0	0	0	0	0	0	0	0	30	0	0	0	0	0	0	0	21	0	0	0	0	1	0	36	0	0	0	0	0	0	0	0	0	0	0	0	0	0	0	52	0	0	0	16	0	0	0	68161	0	0	0	0	0	0	0	0	0	0	0	0	56	2	0	0	0	0	0	0	0	0	0	0	0	0	0	12	0	146
WW18.3M.S13	0	0	0	0	0	0	0	0	0	0	1969	0	0	0	0	0	129	0	0	0	0	0	0	0	0	0	0	0	0	0	0	0	131	0	0	0	0	0	0	80	0	0	0	85	0	0	0	0	0	0	0	2	0	0	0	0	0	0	0	0	0	0	0	0	0	0	0	0	0	0	0	0	0	0	0	0	0	0	2295	0	0	0	0	0	0	0	157	0	0	0	0	942	0	0	0	0	0	0	0	0	0	0	0	115	0	0	0	0	25	660	0	0	0	85	0	0	0	21855	0	0	0	0	0	0	0	0	0	0	0	0	220	9616	62	0	0	0	0	0	0	0	0	0	0	0	0	49	0	228
WW18.4M.S14	0	0	0	0	0	0	0	0	0	0	1	0	7	0	0	0	140	0	0	0	0	6	0	0	0	0	0	0	121	0	0	0	0	0	0	0	0	0	0	0	0	0	0	0	0	0	0	0	0	0	0	7	0	0	0	4	0	0	0	0	0	0	14	0	0	0	0	0	5	0	0	0	0	0	0	0	0	0	475	0	0	0	0	0	0	0	139	0	0	0	0	33	0	0	0	0	0	0	0	0	0	0	0	0	0	0	0	0	2	382	0	0	0	223	0	0	0	41997	0	0	0	0	0	0	0	0	0	0	0	0	51	1171	0	0	0	0	89	0	0	0	0	0	0	0	0	0	0	52
WW18.5M.S15	0	0	0	0	0	0	0	0	0	0	1	0	0	0	0	0	315	0	0	0	0	339	0	0	0	0	0	0	0	0	0	0	52	0	0	0	0	0	0	0	0	0	0	85	0	0	0	0	0	0	0	55	0	0	101	0	0	0	0	0	0	0	0	0	0	0	0	73	0	0	0	0	0	0	0	0	0	0	2684	0	0	0	0	10	0	0	97	0	0	0	0	487	0	0	0	0	0	0	0	0	0	0	0	0	0	0	0	0	35	44	0	0	0	188	0	0	0	103	0	0	0	0	0	0	0	0	0	0	0	0	3351	35224	19	0	40	0	0	0	0	0	0	0	0	0	151	0	0	167
WW18.6M.S16	0	0	0	0	0	0	0	0	0	0	0	0	0	0	4	0	1268	0	0	438	0	612	0	0	0	0	0	0	0	0	0	0	493	0	0	0	0	0	569	0	0	0	0	0	0	0	0	0	0	0	0	1033	0	0	0	0	0	0	0	0	0	0	0	0	0	0	0	0	0	0	0	0	0	0	0	0	0	0	571	0	0	0	0	0	0	244	417	0	0	0	0	283	759	0	0	0	0	0	0	0	0	0	0	0	0	0	0	0	55	0	0	0	0	1215	0	0	0	1615	657	0	0	0	0	0	0	0	0	0	0	0	711	10931	0	0	0	0	0	0	0	0	0	0	0	0	0	0	303	3573
WW18.7M.S17	0	0	0	0	8	0	0	0	0	0	4087	0	27	4	0	0	15	0	0	0	0	151	0	0	0	0	0	0	0	0	0	0	74	0	0	0	0	0	0	0	0	0	0	34	0	0	0	0	0	94	0	0	0	87	0	0	0	0	0	0	0	0	0	0	0	0	0	0	0	36	90	0	0	0	0	82	0	0	1867	0	0	0	0	0	0	0	212	0	0	0	0	75	0	0	26	120	0	0	0	0	88	0	0	0	0	1	0	0	75	92	0	0	0	261	85	0	0	179	198	0	0	98	0	0	0	0	0	0	0	0	1028	24230	0	0	0	0	459	0	0	0	0	9	0	0	0	54	0	920
WW18.8M.S18	0	0	0	117	0	0	0	0	0	0	0	0	0	0	0	0	208	0	0	0	0	1034	0	0	96	0	0	0	0	0	0	0	0	0	0	0	0	0	0	175	0	0	0	270	0	0	0	0	0	0	0	0	0	0	0	0	0	0	0	0	0	0	0	0	0	0	0	0	0	0	0	0	0	0	0	0	0	19	1089	0	0	0	0	0	0	0	747	0	0	0	0	179	1	0	0	0	0	0	0	0	0	0	0	0	0	0	0	0	12	1278	0	0	0	935	0	0	0	61255	0	0	0	0	0	0	0	0	0	0	0	36	1131	17	140	0	0	0	0	0	0	0	0	0	0	0	0	0	0	622
WW18.9M.S19	0	0	0	0	0	0	0	0	0	0	1	0	0	0	0	0	0	0	0	0	0	18	0	0	0	0	0	0	0	0	0	0	0	0	0	0	0	0	0	1	0	0	0	0	8	0	0	0	0	0	0	0	0	0	0	0	0	0	0	0	0	0	0	0	0	0	0	0	0	0	0	0	0	0	0	0	0	0	64	0	0	0	0	0	0	0	0	0	0	0	0	0	0	0	0	0	0	0	0	0	0	0	0	0	0	0	0	0	14	0	0	0	0	43	0	0	0	46667	0	0	0	0	0	0	0	0	0	0	0	0	147	8	23	0	0	0	18	0	0	0	0	0	0	0	0	35	0	180
YR17.12F.S25	0	0	0	1	0	0	0	0	0	0	0	0	0	50	0	0	18	0	0	0	0	0	0	0	0	0	0	0	0	0	0	0	0	0	0	0	0	0	0	0	0	0	0	0	0	0	0	0	0	0	0	0	0	0	0	0	0	0	0	0	0	0	0	0	0	0	0	0	0	0	0	0	0	0	0	0	0	0	0	0	0	0	0	0	0	0	8	0	0	0	0	0	0	0	0	0	0	0	0	0	0	0	0	0	0	0	0	0	0	200	0	0	0	126	0	0	0	75888	0	0	0	0	0	0	0	0	0	0	0	0	125	4	0	0	0	0	0	0	0	0	0	0	0	0	0	0	2768	80
YR17.13F.S26	0	0	0	0	0	0	0	0	0	0	0	0	0	80	0	0	31	0	0	0	0	9	0	0	0	0	0	0	0	0	0	0	0	0	0	0	0	0	0	0	0	0	0	0	0	0	0	0	0	0	0	11	0	0	0	0	0	0	0	0	0	0	0	0	0	0	0	0	0	0	0	0	0	0	0	0	0	0	0	0	0	0	0	0	0	0	91	0	0	0	0	46	0	0	0	0	0	0	0	0	0	0	0	0	0	0	0	0	7	628	0	0	0	38	0	0	0	55432	0	0	0	0	0	0	0	0	0	0	0	0	181	1	0	0	0	0	0	0	0	0	10	0	0	0	0	0	1	29
YR17.1M.S24	155	0	0	0	0	377	0	0	0	0	1687	0	0	151	0	0	161	0	0	0	0	273	0	0	0	0	0	0	144	0	0	0	13	44	0	0	0	0	0	139	0	0	0	5	0	0	0	769	0	0	0	159	0	502	0	0	0	0	0	0	0	0	0	0	0	0	0	0	0	0	27	0	0	0	0	0	0	0	0	1270	0	0	0	0	224	0	88	0	1079	0	15	387	0	0	0	0	0	0	0	0	1597	0	0	0	0	473	130	0	95	1264	0	0	0	0	0	0	0	98	0	0	51	0	0	0	0	0	0	0	0	0	879	15	0	0	0	0	3933	0	0	0	0	1461	0	0	466	91	0	1149
YR17.2M.S57	0	0	0	0	0	0	0	0	0	0	0	0	11	51	0	0	0	0	0	0	0	0	0	0	0	0	0	0	0	0	0	0	0	0	0	0	0	0	0	0	0	0	0	0	0	0	0	0	0	0	0	20	0	58	0	0	0	0	0	0	0	0	0	0	0	0	0	0	0	0	0	0	0	89	0	0	0	0	0	0	0	0	0	0	0	0	0	0	0	0	0	0	0	66	0	0	0	0	0	0	0	0	0	0	0	0	0	0	3	0	0	0	0	42	0	0	0	73	0	0	15	0	0	0	0	0	0	0	0	0	0	30112	0	0	0	0	0	0	0	0	0	0	0	0	0	7	0	142
YR17.3M.S58	0	0	0	0	0	0	0	0	646	0	0	0	0	0	0	0	0	0	0	0	0	33	0	0	0	0	0	0	0	0	0	0	25	48	0	0	0	0	0	0	0	0	0	0	0	0	0	0	0	0	0	113	0	0	0	0	0	0	0	0	0	0	0	0	0	0	0	0	0	0	0	0	0	0	0	0	0	0	5	0	0	0	0	0	0	0	0	0	0	0	0	0	0	0	0	0	0	0	0	0	0	0	0	0	0	0	0	0	0	0	0	0	0	0	0	0	0	17989	0	0	0	0	0	0	0	0	0	0	0	0	0	18355	0	0	0	0	0	0	0	0	0	0	0	0	0	0	0	81
YR17.4M.S59	0	0	28	0	0	0	0	0	1	0	231	0	0	0	0	0	53	0	0	0	0	78	0	0	0	0	0	0	0	0	0	0	26	0	0	0	0	0	0	0	0	0	0	0	0	0	0	0	0	0	0	84	0	0	0	0	0	0	0	0	0	0	0	0	0	0	0	0	0	0	0	0	0	0	0	0	0	0	106	101	0	0	0	11	0	0	0	0	0	0	0	21	0	0	0	0	0	0	0	0	0	0	0	0	0	0	0	0	0	73	0	0	12	0	0	0	0	38984	0	0	0	0	0	0	0	0	0	0	0	0	264	14	92	0	0	0	0	0	0	0	0	0	0	0	0	0	0	101
YR17.5M.S60	0	0	0	0	0	0	0	0	0	0	0	0	0	0	0	0	0	0	0	0	0	662	0	0	0	0	0	0	0	0	0	0	0	0	0	0	0	0	0	0	0	0	0	0	49	0	0	0	0	0	0	67	0	0	0	0	0	0	0	0	0	0	0	0	0	0	0	0	0	0	0	0	0	0	0	0	0	0	0	1	0	0	0	0	0	0	0	0	0	0	0	0	24	0	0	0	0	0	0	0	0	0	0	0	0	0	0	0	0	0	0	0	0	0	0	17	0	31113	0	0	0	0	0	0	0	0	0	0	0	0	0	2989	0	0	0	0	0	0	0	0	0	0	0	0	0	0	0	227
YR17.6M.S61	0	0	0	0	0	0	0	0	0	0	58	0	0	0	0	0	0	0	0	0	0	18	0	0	0	0	0	0	0	0	0	0	0	0	0	0	0	0	0	0	0	0	0	15	0	0	0	0	0	0	0	31	0	0	0	0	0	0	0	0	0	0	0	0	0	0	0	0	0	0	0	0	0	0	0	0	0	0	0	0	0	0	0	0	0	0	0	0	0	0	0	4	0	0	0	0	0	0	0	0	0	0	0	0	0	0	0	0	14	0	0	0	0	15	0	14	0	17846	0	0	0	0	0	0	0	0	0	0	0	0	0	1	0	0	0	0	54	0	0	0	0	0	0	0	0	0	0	77
